Fs=2^16;
t=1/Fs:1/Fs:10;
